overall rates of high confidence for subjects 
[0.73401474 0.56025671 0.49370097 0.15593059 0.23888757 0.25861659
 0.47064416 0.51509389 0.34680295 0.8202995 ]
 rates of high confidence for all subjects and sessions/directions 
[[[0.73421927 0.66333333]
  [0.7804878  0.56666667]
  [0.54       0.54101996]
  [0.86666667 0.70431894]
  [0.82392027 0.81666667]
  [0.83813747 0.68666667]
  [0.86       0.73392461]]

 [[0.55813953 0.63      ]
  [0.52       0.33112583]
  [0.50331126 0.68444444]
  [0.53488372 0.61333333]
  [0.3820598  0.59666667]
  [0.48337029 0.43333333]
  [0.60666667 0.70731707]]

 [[0.28333333 0.40531561]
  [0.59866962 0.56666667]
  [0.43046358 0.58444444]
  [0.34333333 0.4551495 ]
  [0.58       0.59468439]
  [0.61862528 0.45333333]
  [0.36666667 0.42572062]]

 [[0.1461794  0.08666667]
  [0.19512195 0.17333333]
  [0.04666667 0.0443459 ]
  [0.3089701  0.36333333]
  [0.10963455 0.09666667]
  [0.2195122  0.18666667]
  [0.06       0.09977827]]

 [[0.13621262 0.25333333]
  [0.26607539 0.23333333]
  [0.17333333 0.3037694 ]
  [0.12333333 0.26910299]
  [0.25       0.49169435]
  [0.14412417 0.28      ]
  [0.1        0.23725055]]

 [[0.2192691  0.30666667]
  [0.16851441 0.23333333]
  [0.19333333 0.32815965]
  [0.20333333 0.29900332]
  [0.19333333 0.31893688]
  [0.3924612  0.14666667]
  [0.19333333 0.24168514]]

 [[0.52491694 0.4       ]
  [0.55777778 0.35099338]
  [0.59602649 0.61333333]
  [0.63787375 0.57      ]
  [0.32225914 0.34333333]
  [0.42128603 0.36      ]
  [0.37333333 0.37472284]]

 [[0.29666667 0.5282392 ]
  [0.31042129 0.36666667]
  [0.42666667 0.59645233]
  [0.46       0.41528239]
  [0.65448505 0.77666667]
  [0.52993348 0.46      ]
  [0.53642384 0.68666667]]

 [[0.2923588  0.27333333]
  [0.36585366 0.25333333]
  [0.54       0.39467849]
  [0.58803987 0.37666667]
  [0.40333333 0.32890365]
  [0.32       0.25165563]
  [0.20666667 0.23059867]]

 [[0.91333333 0.87707641]
  [0.89578714 0.8       ]
  [0.88666667 0.8691796 ]
  [0.71       0.84717608]
  [0.71760797 0.76      ]
  [0.80487805 0.76666667]
  [0.74       0.80487805]]]