total percent of trials that are right by subject 
[0.58188733 0.43855479 0.4347516  0.40646541 0.43451391 0.51152841
 0.57832184 0.50106965 0.50962681 0.4868077 ]
total percent of trials that are right by session and subject 
[[0.61064892 0.73876872 0.37271215 0.63227953 0.51747088 0.76039933
  0.44093178]
 [0.43094842 0.67720466 0.20965058 0.49584027 0.31114809 0.65224626
  0.29284526]
 [0.38103161 0.73710483 0.05490849 0.5374376  0.29284526 0.9234609
  0.11647255]
 [0.51913478 0.60232945 0.24625624 0.38602329 0.34442596 0.5391015
  0.20798669]
 [0.3577371  0.68552413 0.28951747 0.4359401  0.39434276 0.60898502
  0.26955075]
 [0.47920133 0.7171381  0.25457571 0.55906822 0.45091514 0.83028286
  0.28951747]
 [0.66056572 0.81530782 0.4093178  0.65224626 0.42928453 0.7437604
  0.33777038]
 [0.49750416 0.82362729 0.16472546 0.69883527 0.30615641 0.82695507
  0.18968386]
 [0.49750416 0.8202995  0.26622296 0.57570715 0.41763727 0.71381032
  0.27620632]
 [0.55574043 0.62728785 0.34775374 0.39101498 0.47587354 0.66222962
  0.34775374]]